   6.0000000e+00   1.1000000e+01   1.4001924e+01   5.0000000e+00   3.4209289e+00
   6.0000000e+00   1.6000000e+01   2.1255549e+01   1.0000000e+01  -1.1267549e+00
   6.0000000e+00   1.6000000e+01   2.2108214e+01   1.0000000e+01  -1.0832984e+00
   6.0000000e+00   1.8000000e+01   2.4464736e+01   1.2000000e+01  -9.7895163e-01
   6.0000000e+00   1.8000000e+01   2.5089873e+01   1.2000000e+01  -9.5456015e-01
   6.0000000e+00   2.1000000e+01   2.4487569e+01   1.5000000e+01  -9.7803882e-01
   6.0000000e+00   2.1000000e+01   2.2602726e+01   1.5000000e+01  -1.0595976e+00
   6.0000000e+00   2.4000000e+01   2.7513270e+01   1.8000000e+01  -8.7048151e-01
   6.0000000e+00   2.4000000e+01   2.7228762e+01   1.8000000e+01  -8.7957701e-01
   6.0000000e+00   2.7000000e+01   1.9651433e+01   2.1000000e+01   2.4374602e+00
   6.0000000e+00   2.9000000e+01   2.1858222e+01   2.3000000e+01   2.1913762e+00
   6.0000000e+00   3.2000000e+01   2.5245274e+01   2.6000000e+01  -9.4868421e-01
   6.0000000e+00   3.2000000e+01   2.4403720e+01   2.6000000e+01  -9.8139929e-01
   6.0000000e+00   3.3000000e+01   1.7719249e+01   2.7000000e+01   2.7032514e+00
   6.0000000e+00   3.4000000e+01   1.5670066e+01   2.8000000e+01  -1.5283785e+00
   6.0000000e+00   3.4000000e+01   1.5724548e+01   2.8000000e+01  -1.5230831e+00
   6.0000000e+00   3.9000000e+01   2.3805957e+01   3.3000000e+01  -1.0060420e+00
   6.0000000e+00   3.9000000e+01   2.5143740e+01   3.3000000e+01  -9.5251514e-01
   6.0000000e+00   4.2000000e+01   1.5866496e+01   3.6000000e+01   9.9624159e-01
   6.0000000e+00   4.2000000e+01   1.4526185e+01   3.6000000e+01   1.0881635e+00
   6.0000000e+00   4.2000000e+01   1.4917878e+01   3.6000000e+01   1.0595919e+00
   6.0000000e+00   4.8000000e+01   1.7818105e+01   4.2000000e+01   2.6882537e+00
   6.0000000e+00   5.1000000e+01   2.5950980e+01   4.5000000e+01  -9.2288588e-01
   6.0000000e+00   5.1000000e+01   2.3968398e+01   4.5000000e+01  -9.9922379e-01
   6.0000000e+00   5.2000000e+01   2.3537632e+01   4.6000000e+01  -1.0175107e+00
   6.0000000e+00   5.2000000e+01   2.1712142e+01   4.6000000e+01  -1.1030599e+00
   6.0000000e+00   5.4000000e+01   2.6316740e+01   4.8000000e+01   6.0063911e-01
   6.0000000e+00   5.4000000e+01   2.7852933e+01   4.8000000e+01   5.6751163e-01
   6.0000000e+00   5.4000000e+01   2.8241834e+01   4.8000000e+01   5.5969677e-01
   6.0000000e+00   5.8000000e+01   2.5098675e+01   5.2000000e+01  -9.5422540e-01
   6.0000000e+00   5.8000000e+01   2.5663188e+01   5.2000000e+01  -9.3323532e-01
   6.0000000e+00   6.3000000e+01   2.0308921e+01   5.7000000e+01   2.3585490e+00
   6.0000000e+00   6.4000000e+01   1.6330829e+01   5.8000000e+01  -1.4665387e+00
   6.0000000e+00   6.4000000e+01   1.7049054e+01   5.8000000e+01  -1.4047579e+00
   6.0000000e+00   7.2000000e+01   2.0242643e+01   6.6000000e+01   7.8086956e-01
   6.0000000e+00   7.2000000e+01   2.1306986e+01   6.6000000e+01   7.4186296e-01
   6.0000000e+00   7.2000000e+01   1.9806181e+01   6.6000000e+01   7.9807732e-01
   6.0000000e+00   7.4000000e+01   2.8356598e+01   6.8000000e+01   5.5743159e-01
   6.0000000e+00   7.4000000e+01   2.7317828e+01   6.8000000e+01   5.7862813e-01
   6.0000000e+00   7.4000000e+01   2.9584982e+01   6.8000000e+01   5.3428673e-01
   1.1000000e+01   1.6000000e+01   1.5449070e+01   5.0000000e+00  -1.5502418e+00
   1.1000000e+01   1.6000000e+01   1.5235107e+01   5.0000000e+00  -1.5720134e+00
   1.1000000e+01   1.8000000e+01   2.2309526e+01   7.0000000e+00  -1.0735232e+00
   1.1000000e+01   1.8000000e+01   2.1705829e+01   7.0000000e+00  -1.1033807e+00
   1.1000000e+01   2.1000000e+01   2.0872496e+01   1.0000000e+01  -1.1474331e+00
   1.1000000e+01   2.1000000e+01   1.8987643e+01   1.0000000e+01  -1.2613358e+00
   1.1000000e+01   2.4000000e+01   2.3637601e+01   1.3000000e+01  -1.0132074e+00
   1.1000000e+01   2.4000000e+01   2.3912516e+01   1.3000000e+01  -1.0015589e+00
   1.1000000e+01   2.7000000e+01   1.8925502e+01   1.6000000e+01   2.5309546e+00
   1.1000000e+01   2.9000000e+01   1.5362189e+01   1.8000000e+01   3.1180184e+00
   1.1000000e+01   3.2000000e+01   1.4596846e+01   2.1000000e+01  -1.6407512e+00
   1.1000000e+01   3.2000000e+01   1.3506448e+01   2.1000000e+01  -1.7732117e+00
   1.1000000e+01   3.3000000e+01   7.1445890e+00   2.2000000e+01   6.7043165e+00
   1.1000000e+01   3.4000000e+01   3.9061318e+00   2.3000000e+01  -6.1313325e+00
   1.1000000e+01   3.4000000e+01   3.3466358e+00   2.3000000e+01  -7.1563787e+00
   1.1000000e+01   3.9000000e+01   2.0109082e+01   2.8000000e+01  -1.1909939e+00
   1.1000000e+01   3.9000000e+01   2.2089726e+01   2.8000000e+01  -1.0842051e+00
   1.1000000e+01   4.2000000e+01   2.0727111e+01   3.1000000e+01   7.6261779e-01
   1.1000000e+01   4.2000000e+01   1.9958667e+01   3.1000000e+01   7.9197992e-01
   1.1000000e+01   4.2000000e+01   2.1391385e+01   3.1000000e+01   7.3893596e-01
   1.1000000e+01   4.8000000e+01   2.6212390e+01   3.7000000e+01   1.8273643e+00
   1.1000000e+01   5.1000000e+01   2.8177953e+01   4.0000000e+01  -8.4994794e-01
   1.1000000e+01   5.1000000e+01   2.6972253e+01   4.0000000e+01  -8.8794187e-01
   1.1000000e+01   5.2000000e+01   2.1918566e+01   4.1000000e+01  -1.0926715e+00
   1.1000000e+01   5.2000000e+01   2.0731494e+01   4.1000000e+01  -1.1552372e+00
   1.1000000e+01   5.4000000e+01   2.8443376e+01   4.3000000e+01   5.5573093e-01
   1.1000000e+01   5.4000000e+01   2.9339143e+01   4.3000000e+01   5.3876363e-01
   1.1000000e+01   5.4000000e+01   2.9661598e+01   4.3000000e+01   5.3290667e-01
   1.1000000e+01   5.8000000e+01   2.7302451e+01   4.7000000e+01  -8.7720303e-01
   1.1000000e+01   5.8000000e+01   2.8345155e+01   4.7000000e+01  -8.4493428e-01
   1.1000000e+01   6.3000000e+01   2.3320403e+01   5.2000000e+01   2.0539777e+00
   1.1000000e+01   6.4000000e+01   1.9076743e+01   5.3000000e+01  -1.2554446e+00
   1.1000000e+01   6.4000000e+01   1.8124236e+01   5.3000000e+01  -1.3214236e+00
   1.1000000e+01   7.2000000e+01   2.0180121e+01   6.1000000e+01   7.8328884e-01
   1.1000000e+01   7.2000000e+01   2.2018935e+01   6.1000000e+01   7.1787594e-01
   1.1000000e+01   7.2000000e+01   1.9975565e+01   6.1000000e+01   7.9130996e-01
   1.1000000e+01   7.4000000e+01   2.5197464e+01   6.3000000e+01   6.2731961e-01
   1.1000000e+01   7.4000000e+01   2.3257770e+01   6.3000000e+01   6.7963797e-01
   1.1000000e+01   7.4000000e+01   2.5331024e+01   6.3000000e+01   6.2401202e-01
   1.6000000e+01   1.8000000e+01   9.8352006e+00   2.0000000e+00   1.2175549e+00
   1.6000000e+01   1.8000000e+01   8.6435058e+00   2.0000000e+00   1.3854212e+00
   1.6000000e+01   2.1000000e+01   1.2883015e+01   5.0000000e+00   9.2951043e-01
   1.6000000e+01   2.1000000e+01   1.1068355e+01   5.0000000e+00   1.0819039e+00
   1.6000000e+01   2.4000000e+01   2.1636623e+01   8.0000000e+00   5.5345497e-01
   1.6000000e+01   2.4000000e+01   2.3095186e+01   8.0000000e+00   5.1850185e-01
   1.6000000e+01   2.7000000e+01   2.2229995e+01   1.1000000e+01  -1.0773639e+00
   1.6000000e+01   2.9000000e+01   8.7302694e+00   1.3000000e+01  -2.7433052e+00
   1.6000000e+01   3.2000000e+01   1.6186448e+01   1.6000000e+01   7.3981001e-01
   1.6000000e+01   3.2000000e+01   1.4114037e+01   1.6000000e+01   8.4843880e-01
   1.6000000e+01   3.3000000e+01   9.3073198e+00   1.7000000e+01  -2.5732212e+00
   1.6000000e+01   3.4000000e+01   1.6832550e+01   1.8000000e+01   7.1141310e-01
   1.6000000e+01   3.4000000e+01   1.4675558e+01   1.8000000e+01   8.1597554e-01
   1.6000000e+01   3.9000000e+01   2.7661353e+01   2.3000000e+01   4.3291073e-01
   1.6000000e+01   3.9000000e+01   2.8881669e+01   2.3000000e+01   4.1461927e-01
   1.6000000e+01   4.2000000e+01   2.7110052e+01   2.6000000e+01  -2.9153141e-01
   1.6000000e+01   4.2000000e+01   2.7486911e+01   2.6000000e+01  -2.8753437e-01
   1.6000000e+01   4.2000000e+01   2.7810479e+01   2.6000000e+01  -2.8418898e-01
   1.6000000e+01   4.8000000e+01   2.5400993e+01   3.2000000e+01  -9.4286838e-01
   1.6000000e+01   5.1000000e+01   2.8193059e+01   3.5000000e+01   4.2474627e-01
   1.6000000e+01   5.1000000e+01   2.7364550e+01   3.5000000e+01   4.3760619e-01
   1.6000000e+01   5.2000000e+01   2.3606123e+01   3.6000000e+01   5.0727925e-01
   1.6000000e+01   5.2000000e+01   2.2120394e+01   3.6000000e+01   5.4135095e-01
   1.6000000e+01   5.4000000e+01   2.5314109e+01   3.8000000e+01  -3.1221450e-01
   1.6000000e+01   5.4000000e+01   2.5085335e+01   3.8000000e+01  -3.1506183e-01
   1.6000000e+01   5.4000000e+01   2.6468345e+01   3.8000000e+01  -2.9859940e-01
   1.6000000e+01   5.8000000e+01   2.2357039e+01   4.2000000e+01   5.3562086e-01
   1.6000000e+01   5.8000000e+01   2.2425492e+01   4.2000000e+01   5.3398590e-01
   1.6000000e+01   6.3000000e+01   1.3228781e+01   4.7000000e+01  -1.8104309e+00
   1.6000000e+01   6.4000000e+01   1.1425770e+01   4.8000000e+01   1.0480604e+00
   1.6000000e+01   6.4000000e+01   9.2431048e+00   4.8000000e+01   1.2955491e+00
   1.6000000e+01   7.2000000e+01   2.7463624e+01   5.6000000e+01  -2.8777818e-01
   1.6000000e+01   7.2000000e+01   2.8320662e+01   5.6000000e+01  -2.7906946e-01
   1.6000000e+01   7.2000000e+01   2.6013836e+01   5.6000000e+01  -3.0381647e-01
   1.6000000e+01   7.4000000e+01   3.3356370e+01   5.8000000e+01  -2.3693921e-01
   1.6000000e+01   7.4000000e+01   3.1525164e+01   5.8000000e+01  -2.5070232e-01
   1.6000000e+01   7.4000000e+01   3.3501811e+01   5.8000000e+01  -2.3591058e-01
   1.6000000e+01   1.8000000e+01   9.8601486e+00   2.0000000e+00   1.2144742e+00
   1.6000000e+01   1.8000000e+01   8.3791838e+00   2.0000000e+00   1.4291245e+00
   1.6000000e+01   2.1000000e+01   1.1790921e+01   5.0000000e+00   1.0156032e+00
   1.6000000e+01   2.1000000e+01   1.0092016e+01   5.0000000e+00   1.1865713e+00
   1.6000000e+01   2.4000000e+01   2.0178885e+01   8.0000000e+00   5.9343699e-01
   1.6000000e+01   2.4000000e+01   2.1704578e+01   8.0000000e+00   5.5172215e-01
   1.6000000e+01   2.7000000e+01   2.1366296e+01   1.1000000e+01  -1.1209146e+00
   1.6000000e+01   2.9000000e+01   7.1283728e+00   1.3000000e+01  -3.3597840e+00
   1.6000000e+01   3.2000000e+01   1.4256138e+01   1.6000000e+01   8.3998178e-01
   1.6000000e+01   3.2000000e+01   1.2184865e+01   1.6000000e+01   9.8276812e-01
   1.6000000e+01   3.3000000e+01   8.5306545e+00   1.7000000e+01  -2.8074977e+00
   1.6000000e+01   3.4000000e+01   1.6167175e+01   1.8000000e+01   7.4069196e-01
   1.6000000e+01   3.4000000e+01   1.4027448e+01   1.8000000e+01   8.5367607e-01
   1.6000000e+01   3.9000000e+01   2.6454424e+01   2.3000000e+01   4.5266140e-01
   1.6000000e+01   3.9000000e+01   2.7660406e+01   2.3000000e+01   4.3292555e-01
   1.6000000e+01   4.2000000e+01   2.6854288e+01   2.6000000e+01  -2.9430800e-01
   1.6000000e+01   4.2000000e+01   2.7317092e+01   2.6000000e+01  -2.8932185e-01
   1.6000000e+01   4.2000000e+01   2.7728335e+01   2.6000000e+01  -2.8503088e-01
   1.6000000e+01   4.8000000e+01   2.5875584e+01   3.2000000e+01  -9.2557497e-01
   1.6000000e+01   5.1000000e+01   2.7512413e+01   3.5000000e+01   4.3525431e-01
   1.6000000e+01   5.1000000e+01   2.6820620e+01   3.5000000e+01   4.4648098e-01
   1.6000000e+01   5.2000000e+01   2.2506550e+01   3.6000000e+01   5.3206273e-01
   1.6000000e+01   5.2000000e+01   2.1162923e+01   3.6000000e+01   5.6584321e-01
   1.6000000e+01   5.4000000e+01   2.4771276e+01   3.8000000e+01  -3.1905631e-01
   1.6000000e+01   5.4000000e+01   2.4478484e+01   3.8000000e+01  -3.2287259e-01
   1.6000000e+01   5.4000000e+01   2.5771478e+01   3.8000000e+01  -3.0667359e-01
   1.6000000e+01   5.8000000e+01   2.2015267e+01   4.2000000e+01   5.4393601e-01
   1.6000000e+01   5.8000000e+01   2.2245528e+01   4.2000000e+01   5.3830580e-01
   1.6000000e+01   6.3000000e+01   1.5030040e+01   4.7000000e+01  -1.5934617e+00
   1.6000000e+01   6.4000000e+01   1.3356861e+01   4.8000000e+01   8.9653523e-01
   1.6000000e+01   6.4000000e+01   1.1190393e+01   4.8000000e+01   1.0701051e+00
   1.6000000e+01   7.2000000e+01   2.6651214e+01   5.6000000e+01  -2.9655053e-01
   1.6000000e+01   7.2000000e+01   2.7525579e+01   5.6000000e+01  -2.8713044e-01
   1.6000000e+01   7.2000000e+01   2.5219153e+01   5.6000000e+01  -3.1339005e-01
   1.6000000e+01   7.4000000e+01   3.2100462e+01   5.8000000e+01  -2.4620928e-01
   1.6000000e+01   7.4000000e+01   3.0225917e+01   5.8000000e+01  -2.6147864e-01
   1.6000000e+01   7.4000000e+01   3.2135084e+01   5.8000000e+01  -2.4594402e-01
   1.8000000e+01   2.1000000e+01   7.4017953e+00   3.0000000e+00   1.6178368e+00
   1.8000000e+01   2.1000000e+01   6.7260429e+00   3.0000000e+00   1.7803777e+00
   1.8000000e+01   2.4000000e+01   1.7609147e+01   6.0000000e+00   6.8003841e-01
   1.8000000e+01   2.4000000e+01   1.9240342e+01   6.0000000e+00   6.2238481e-01
   1.8000000e+01   2.7000000e+01   2.0358038e+01   9.0000000e+00  -1.1764293e+00
   1.8000000e+01   2.9000000e+01   9.5264717e+00   1.1000000e+01  -2.5140255e+00
   1.8000000e+01   3.2000000e+01   1.9266609e+01   1.4000000e+01   6.2153629e-01
   1.8000000e+01   3.2000000e+01   1.7939395e+01   1.4000000e+01   6.6751952e-01
   1.8000000e+01   3.3000000e+01   1.6387724e+01   1.5000000e+01  -1.4614472e+00
   1.8000000e+01   3.4000000e+01   2.2623876e+01   1.6000000e+01   5.2930350e-01
   1.8000000e+01   3.4000000e+01   2.0827227e+01   1.6000000e+01   5.7496356e-01
   1.8000000e+01   3.9000000e+01   2.7834659e+01   2.1000000e+01   4.3021532e-01
   1.8000000e+01   3.9000000e+01   2.8349897e+01   2.1000000e+01   4.2239648e-01
   1.8000000e+01   4.2000000e+01   2.6050751e+01   2.4000000e+01  -3.0338595e-01
   1.8000000e+01   4.2000000e+01   2.7163110e+01   2.4000000e+01  -2.9096196e-01
   1.8000000e+01   4.2000000e+01   2.6802909e+01   2.4000000e+01  -2.9487216e-01
   1.8000000e+01   4.8000000e+01   2.1028832e+01   3.0000000e+01  -1.1389027e+00
   1.8000000e+01   5.1000000e+01   2.2892365e+01   3.3000000e+01   5.2309565e-01
   1.8000000e+01   5.1000000e+01   2.2383695e+01   3.3000000e+01   5.3498302e-01
   1.8000000e+01   5.2000000e+01   2.0610339e+01   3.4000000e+01   5.8101406e-01
   1.8000000e+01   5.2000000e+01   1.9128179e+01   3.4000000e+01   6.2603431e-01
   1.8000000e+01   5.4000000e+01   1.8514041e+01   3.6000000e+01  -4.2688852e-01
   1.8000000e+01   5.4000000e+01   1.7695996e+01   3.6000000e+01  -4.4662260e-01
   1.8000000e+01   5.4000000e+01   1.9542430e+01   3.6000000e+01  -4.0442420e-01
   1.8000000e+01   5.8000000e+01   1.4917391e+01   4.0000000e+01   8.0274740e-01
   1.8000000e+01   5.8000000e+01   1.4435927e+01   4.0000000e+01   8.2952042e-01
   1.8000000e+01   6.3000000e+01   1.1829245e+01   4.5000000e+01  -2.0246256e+00
   1.8000000e+01   6.4000000e+01   1.3234298e+01   4.6000000e+01   9.0483807e-01
   1.8000000e+01   6.4000000e+01   1.1687539e+01   4.6000000e+01   1.0245867e+00
   1.8000000e+01   7.2000000e+01   2.6930515e+01   5.4000000e+01  -2.9347495e-01
   1.8000000e+01   7.2000000e+01   2.6992614e+01   5.4000000e+01  -2.9279979e-01
   1.8000000e+01   7.2000000e+01   2.4938084e+01   5.4000000e+01  -3.1692217e-01
   1.8000000e+01   7.4000000e+01   3.3226606e+01   5.6000000e+01  -2.3786455e-01
   1.8000000e+01   7.4000000e+01   3.1825922e+01   5.6000000e+01  -2.4833316e-01
   1.8000000e+01   7.4000000e+01   3.3665009e+01   5.6000000e+01  -2.3476696e-01
   1.8000000e+01   2.1000000e+01   7.3481803e+00   3.0000000e+00   1.6296411e+00
   1.8000000e+01   2.1000000e+01   6.6325365e+00   3.0000000e+00   1.8054777e+00
   1.8000000e+01   2.4000000e+01   1.7621009e+01   6.0000000e+00   6.7958063e-01
   1.8000000e+01   2.4000000e+01   1.9368983e+01   6.0000000e+00   6.1825116e-01
   1.8000000e+01   2.7000000e+01   2.0805804e+01   9.0000000e+00  -1.1511111e+00
   1.8000000e+01   2.9000000e+01   8.4934030e+00   1.1000000e+01  -2.8198112e+00
   1.8000000e+01   3.2000000e+01   1.8030309e+01   1.4000000e+01   6.6415370e-01
   1.8000000e+01   3.2000000e+01   1.6605636e+01   1.4000000e+01   7.2113449e-01
   1.8000000e+01   3.3000000e+01   1.5396991e+01   1.5000000e+01  -1.5554853e+00
   1.8000000e+01   3.4000000e+01   2.1990556e+01   1.6000000e+01   5.4454725e-01
   1.8000000e+01   3.4000000e+01   2.0120362e+01   1.6000000e+01   5.9516308e-01
   1.8000000e+01   3.9000000e+01   2.7790252e+01   2.1000000e+01   4.3090277e-01
   1.8000000e+01   3.9000000e+01   2.8395745e+01   2.1000000e+01   4.2171446e-01
   1.8000000e+01   4.2000000e+01   2.6888218e+01   2.4000000e+01  -2.9393661e-01
   1.8000000e+01   4.2000000e+01   2.7947611e+01   2.4000000e+01  -2.8279453e-01
   1.8000000e+01   4.2000000e+01   2.7747101e+01   2.4000000e+01  -2.8483810e-01
   1.8000000e+01   4.8000000e+01   2.2748727e+01   3.0000000e+01  -1.0527971e+00
   1.8000000e+01   5.1000000e+01   2.3952629e+01   3.3000000e+01   4.9994079e-01
   1.8000000e+01   5.1000000e+01   2.3521913e+01   3.3000000e+01   5.0909534e-01
   1.8000000e+01   5.2000000e+01   2.0994480e+01   3.4000000e+01   5.7038311e-01
   1.8000000e+01   5.2000000e+01   1.9621449e+01   3.4000000e+01   6.1029623e-01
   1.8000000e+01   5.4000000e+01   1.9800237e+01   3.6000000e+01  -3.9915845e-01
   1.8000000e+01   5.4000000e+01   1.8950653e+01   3.6000000e+01  -4.1705327e-01
   1.8000000e+01   5.4000000e+01   2.0695718e+01   3.6000000e+01  -3.8188729e-01
   1.8000000e+01   5.8000000e+01   1.6409705e+01   4.0000000e+01   7.2974476e-01
   1.8000000e+01   5.8000000e+01   1.6108277e+01   4.0000000e+01   7.4340021e-01
   1.8000000e+01   6.3000000e+01   1.3011617e+01   4.5000000e+01  -1.8406469e+00
   1.8000000e+01   6.4000000e+01   1.3994817e+01   4.6000000e+01   8.5566656e-01
   1.8000000e+01   6.4000000e+01   1.2218164e+01   4.6000000e+01   9.8008971e-01
   1.8000000e+01   7.2000000e+01   2.7303391e+01   5.4000000e+01  -2.8946704e-01
   1.8000000e+01   7.2000000e+01   2.7494759e+01   5.4000000e+01  -2.8745230e-01
   1.8000000e+01   7.2000000e+01   2.5385552e+01   5.4000000e+01  -3.1133582e-01
   1.8000000e+01   7.4000000e+01   3.3216747e+01   5.6000000e+01  -2.3793515e-01
   1.8000000e+01   7.4000000e+01   3.1707717e+01   5.6000000e+01  -2.4925893e-01
   1.8000000e+01   7.4000000e+01   3.3514200e+01   5.6000000e+01  -2.3582338e-01
   2.1000000e+01   2.4000000e+01   1.0291397e+01   3.0000000e+00   1.1635832e+00
   2.1000000e+01   2.4000000e+01   1.2035086e+01   3.0000000e+00   9.9499882e-01
   2.1000000e+01   2.7000000e+01   1.4662634e+01   6.0000000e+00  -1.6333895e+00
   2.1000000e+01   2.9000000e+01   6.3989348e+00   8.0000000e+00  -3.7427781e+00
   2.1000000e+01   3.2000000e+01   1.4318008e+01   1.1000000e+01   8.3635212e-01
   2.1000000e+01   3.2000000e+01   1.3724059e+01   1.1000000e+01   8.7254773e-01
   2.1000000e+01   3.3000000e+01   1.5226384e+01   1.2000000e+01  -1.5729141e+00
   2.1000000e+01   3.4000000e+01   1.9897201e+01   1.3000000e+01   6.0183826e-01
   2.1000000e+01   3.4000000e+01   1.8520375e+01   1.3000000e+01   6.4657959e-01
   2.1000000e+01   3.9000000e+01   2.1575610e+01   1.8000000e+01   5.5502006e-01
   2.1000000e+01   3.9000000e+01   2.1882396e+01   1.8000000e+01   5.4723882e-01
   2.1000000e+01   4.2000000e+01   2.2079251e+01   2.1000000e+01  -3.5795741e-01
   2.1000000e+01   4.2000000e+01   2.3490515e+01   2.1000000e+01  -3.3645203e-01
   2.1000000e+01   4.2000000e+01   2.3360871e+01   2.1000000e+01  -3.3831922e-01
   2.1000000e+01   4.8000000e+01   2.0187209e+01   2.7000000e+01  -1.1863846e+00
   2.1000000e+01   5.1000000e+01   1.7656047e+01   3.0000000e+01   6.7823204e-01
   2.1000000e+01   5.1000000e+01   1.7562506e+01   3.0000000e+01   6.8184443e-01
   2.1000000e+01   5.2000000e+01   1.4092792e+01   3.1000000e+01   8.4971782e-01
   2.1000000e+01   5.2000000e+01   1.3012066e+01   3.1000000e+01   9.2029168e-01
   2.1000000e+01   5.4000000e+01   1.4184292e+01   3.3000000e+01  -5.5719608e-01
   2.1000000e+01   5.4000000e+01   1.3407074e+01   3.3000000e+01  -5.8949713e-01
   2.1000000e+01   5.4000000e+01   1.4713299e+01   3.3000000e+01  -5.3716246e-01
   2.1000000e+01   5.8000000e+01   1.1807918e+01   3.7000000e+01   1.0141413e+00
   2.1000000e+01   5.8000000e+01   1.2422837e+01   3.7000000e+01   9.6394214e-01
   2.1000000e+01   6.3000000e+01   1.7869274e+01   4.2000000e+01  -1.3402779e+00
   2.1000000e+01   6.4000000e+01   1.8095164e+01   4.3000000e+01   6.6177331e-01
   2.1000000e+01   6.4000000e+01   1.6587225e+01   4.3000000e+01   7.2193488e-01
   2.1000000e+01   7.2000000e+01   2.1418617e+01   5.1000000e+01  -3.6899822e-01
   2.1000000e+01   7.2000000e+01   2.1394065e+01   5.1000000e+01  -3.6942170e-01
   2.1000000e+01   7.2000000e+01   1.9429913e+01   5.1000000e+01  -4.0676619e-01
   2.1000000e+01   7.4000000e+01   2.6703912e+01   5.3000000e+01  -2.9596532e-01
   2.1000000e+01   7.4000000e+01   2.5346794e+01   5.3000000e+01  -3.1181189e-01
   2.1000000e+01   7.4000000e+01   2.7013634e+01   5.3000000e+01  -2.9257196e-01
   2.1000000e+01   2.4000000e+01   1.1471478e+01   3.0000000e+00   1.0438843e+00
   2.1000000e+01   2.4000000e+01   1.3041853e+01   3.0000000e+00   9.1818980e-01
   2.1000000e+01   2.7000000e+01   1.4397876e+01   6.0000000e+00  -1.6634254e+00
   2.1000000e+01   2.9000000e+01   4.9334845e+00   8.0000000e+00  -4.8545391e+00
   2.1000000e+01   3.2000000e+01   1.3763329e+01   1.1000000e+01   8.7005815e-01
   2.1000000e+01   3.2000000e+01   1.2928889e+01   1.1000000e+01   9.2621236e-01
   2.1000000e+01   3.3000000e+01   1.3375993e+01   1.2000000e+01  -1.7905058e+00
   2.1000000e+01   3.4000000e+01   1.8258364e+01   1.3000000e+01   6.5585814e-01
   2.1000000e+01   3.4000000e+01   1.6794361e+01   1.3000000e+01   7.1303078e-01
   2.1000000e+01   3.9000000e+01   2.1338385e+01   1.8000000e+01   5.6119039e-01
   2.1000000e+01   3.9000000e+01   2.1834909e+01   1.8000000e+01   5.4842897e-01
   2.1000000e+01   4.2000000e+01   2.1338656e+01   2.1000000e+01  -3.7038096e-01
   2.1000000e+01   4.2000000e+01   2.2580054e+01   2.1000000e+01  -3.5001829e-01
   2.1000000e+01   4.2000000e+01   2.2520415e+01   2.1000000e+01  -3.5094521e-01
   2.1000000e+01   4.8000000e+01   1.9576473e+01   2.7000000e+01  -1.2233967e+00
   2.1000000e+01   5.1000000e+01   1.8276619e+01   3.0000000e+01   6.5520307e-01
   2.1000000e+01   5.1000000e+01   1.7934618e+01   3.0000000e+01   6.6769733e-01
   2.1000000e+01   5.2000000e+01   1.4429896e+01   3.1000000e+01   8.2986715e-01
   2.1000000e+01   5.2000000e+01   1.3135582e+01   3.1000000e+01   9.1163806e-01
   2.1000000e+01   5.4000000e+01   1.5051897e+01   3.3000000e+01  -5.2507878e-01
   2.1000000e+01   5.4000000e+01   1.4548409e+01   3.3000000e+01  -5.4325059e-01
   2.1000000e+01   5.4000000e+01   1.5835584e+01   3.3000000e+01  -4.9909317e-01
   2.1000000e+01   5.8000000e+01   1.2545523e+01   3.7000000e+01   9.5451554e-01
   2.1000000e+01   5.8000000e+01   1.3117387e+01   3.7000000e+01   9.1290262e-01
   2.1000000e+01   6.3000000e+01   1.6391087e+01   4.2000000e+01  -1.4611473e+00
   2.1000000e+01   6.4000000e+01   1.6227215e+01   4.3000000e+01   7.3795144e-01
   2.1000000e+01   6.4000000e+01   1.4684667e+01   4.3000000e+01   8.1546940e-01
   2.1000000e+01   7.2000000e+01   2.0990187e+01   5.1000000e+01  -3.7652984e-01
   2.1000000e+01   7.2000000e+01   2.1135118e+01   5.1000000e+01  -3.7394784e-01
   2.1000000e+01   7.2000000e+01   1.9058728e+01   5.1000000e+01  -4.1468831e-01
   2.1000000e+01   7.4000000e+01   2.6675881e+01   5.3000000e+01  -2.9627631e-01
   2.1000000e+01   7.4000000e+01   2.5239844e+01   5.3000000e+01  -3.1313315e-01
   2.1000000e+01   7.4000000e+01   2.7024680e+01   5.3000000e+01  -2.9245237e-01
   2.4000000e+01   2.7000000e+01   9.9817837e+00   3.0000000e+00  -2.3993500e+00
   2.4000000e+01   2.9000000e+01   1.3100506e+01   5.0000000e+00  -1.8281579e+00
   2.4000000e+01   3.2000000e+01   1.4083162e+01   8.0000000e+00   8.5029887e-01
   2.4000000e+01   3.2000000e+01   1.5094125e+01   8.0000000e+00   7.9334816e-01
   2.4000000e+01   3.3000000e+01   1.9861238e+01   9.0000000e+00  -1.2058560e+00
   2.4000000e+01   3.4000000e+01   2.1081094e+01   1.0000000e+01   5.6803962e-01
   2.4000000e+01   3.4000000e+01   2.0676106e+01   1.0000000e+01   5.7916595e-01
   2.4000000e+01   3.9000000e+01   1.4692859e+01   1.5000000e+01   8.1501472e-01
   2.4000000e+01   3.9000000e+01   1.4217597e+01   1.5000000e+01   8.4225883e-01
   2.4000000e+01   4.2000000e+01   1.8971111e+01   1.8000000e+01  -4.1660353e-01
   2.4000000e+01   4.2000000e+01   2.0803715e+01   1.8000000e+01  -3.7990482e-01
   2.4000000e+01   4.2000000e+01   2.0916135e+01   1.8000000e+01  -3.7786292e-01
   2.4000000e+01   4.8000000e+01   2.1679085e+01   2.4000000e+01  -1.1047419e+00
   2.4000000e+01   5.1000000e+01   1.2141599e+01   2.7000000e+01   9.8627014e-01
   2.4000000e+01   5.1000000e+01   1.3027167e+01   2.7000000e+01   9.1922495e-01
   2.4000000e+01   5.2000000e+01   6.8875982e+00   2.8000000e+01   1.7386172e+00
   2.4000000e+01   5.2000000e+01   7.5487074e+00   2.8000000e+01   1.5863506e+00
   2.4000000e+01   5.4000000e+01   1.1686664e+01   3.0000000e+01  -6.7627785e-01
   2.4000000e+01   5.4000000e+01   1.1382244e+01   3.0000000e+01  -6.9436497e-01
   2.4000000e+01   5.4000000e+01   1.0990195e+01   3.0000000e+01  -7.1913478e-01
   2.4000000e+01   5.8000000e+01   1.2635892e+01   3.4000000e+01   9.4768903e-01
   2.4000000e+01   5.8000000e+01   1.4534094e+01   3.4000000e+01   8.2391766e-01
   2.4000000e+01   6.3000000e+01   2.6970737e+01   3.9000000e+01  -8.8799178e-01
   2.4000000e+01   6.4000000e+01   2.6574571e+01   4.0000000e+01   4.5061485e-01
   2.4000000e+01   6.4000000e+01   2.5339503e+01   4.0000000e+01   4.7257820e-01
   2.4000000e+01   7.2000000e+01   1.5742545e+01   4.8000000e+01  -5.0204281e-01
   2.4000000e+01   7.2000000e+01   1.5281584e+01   4.8000000e+01  -5.1718669e-01
   2.4000000e+01   7.2000000e+01   1.3976368e+01   4.8000000e+01  -5.6548537e-01
   2.4000000e+01   7.4000000e+01   1.8619526e+01   5.0000000e+01  -4.2447008e-01
   2.4000000e+01   7.4000000e+01   1.7649784e+01   5.0000000e+01  -4.4779198e-01
   2.4000000e+01   7.4000000e+01   1.8827490e+01   5.0000000e+01  -4.1978148e-01
   2.4000000e+01   2.7000000e+01   8.7092445e+00   3.0000000e+00  -2.7499278e+00
   2.4000000e+01   2.9000000e+01   1.4605246e+01   5.0000000e+00  -1.6398076e+00
   2.4000000e+01   3.2000000e+01   1.5012065e+01   8.0000000e+00   7.9768484e-01
   2.4000000e+01   3.2000000e+01   1.6173336e+01   8.0000000e+00   7.4040980e-01
   2.4000000e+01   3.3000000e+01   2.0737943e+01   9.0000000e+00  -1.1548779e+00
   2.4000000e+01   3.4000000e+01   2.1196868e+01   1.0000000e+01   5.6493706e-01
   2.4000000e+01   3.4000000e+01   2.1003410e+01   1.0000000e+01   5.7014060e-01
   2.4000000e+01   3.9000000e+01   1.3150524e+01   1.5000000e+01   9.1060221e-01
   2.4000000e+01   3.9000000e+01   1.2460620e+01   1.5000000e+01   9.6101932e-01
   2.4000000e+01   4.2000000e+01   1.7541535e+01   1.8000000e+01  -4.5055532e-01
   2.4000000e+01   4.2000000e+01   1.9436233e+01   1.8000000e+01  -4.0663392e-01
   2.4000000e+01   4.2000000e+01   1.9554966e+01   1.8000000e+01  -4.0416495e-01
   2.4000000e+01   4.8000000e+01   2.1131083e+01   2.4000000e+01  -1.1333916e+00
   2.4000000e+01   5.1000000e+01   1.0661365e+01   2.7000000e+01   1.1232048e+00
   2.4000000e+01   5.1000000e+01   1.1629195e+01   2.7000000e+01   1.0297271e+00
   2.4000000e+01   5.2000000e+01   5.1480220e+00   2.8000000e+01   2.3261161e+00
   2.4000000e+01   5.2000000e+01   6.2671465e+00   2.8000000e+01   1.9107414e+00
   2.4000000e+01   5.4000000e+01   1.1207771e+01   3.0000000e+01  -7.0517426e-01
   2.4000000e+01   5.4000000e+01   1.1257457e+01   3.0000000e+01  -7.0206192e-01
   2.4000000e+01   5.4000000e+01   1.0461046e+01   3.0000000e+01  -7.5551069e-01
   2.4000000e+01   5.8000000e+01   1.2802053e+01   3.4000000e+01   9.3538874e-01
   2.4000000e+01   5.8000000e+01   1.4862955e+01   3.4000000e+01   8.0568744e-01
   2.4000000e+01   6.3000000e+01   2.8028079e+01   3.9000000e+01  -8.5449285e-01
   2.4000000e+01   6.4000000e+01   2.7484008e+01   4.0000000e+01   4.3570416e-01
   2.4000000e+01   6.4000000e+01   2.6366709e+01   4.0000000e+01   4.5416727e-01
   2.4000000e+01   7.2000000e+01   1.4053542e+01   4.8000000e+01  -5.6238006e-01
   2.4000000e+01   7.2000000e+01   1.3440595e+01   4.8000000e+01  -5.8802692e-01
   2.4000000e+01   7.2000000e+01   1.2327737e+01   4.8000000e+01  -6.4110970e-01
   2.4000000e+01   7.4000000e+01   1.6818724e+01   5.0000000e+01  -4.6991862e-01
   2.4000000e+01   7.4000000e+01   1.6015558e+01   5.0000000e+01  -4.9348463e-01
   2.4000000e+01   7.4000000e+01   1.7164482e+01   5.0000000e+01  -4.6045269e-01
   2.7000000e+01   2.9000000e+01   1.5206014e+01   2.0000000e+00   3.1500422e+00
   2.7000000e+01   3.2000000e+01   1.5936263e+01   5.0000000e+00  -1.5028488e+00
   2.7000000e+01   3.2000000e+01   1.6730492e+01   5.0000000e+00  -1.4315056e+00
   2.7000000e+01   3.3000000e+01   1.8103548e+01   6.0000000e+00   2.6458674e+00
   2.7000000e+01   3.4000000e+01   1.6417929e+01   7.0000000e+00  -1.4587585e+00
   2.7000000e+01   3.4000000e+01   1.6710509e+01   7.0000000e+00  -1.4332174e+00
   2.7000000e+01   3.9000000e+01   9.1220843e+00   1.2000000e+01  -2.6254738e+00
   2.7000000e+01   3.9000000e+01   9.1161215e+00   1.2000000e+01  -2.6271911e+00
   2.7000000e+01   4.2000000e+01   9.1843703e+00   1.5000000e+01   1.7210612e+00
   2.7000000e+01   4.2000000e+01   1.0866847e+01   1.5000000e+01   1.4545952e+00
   2.7000000e+01   4.2000000e+01   1.1232094e+01   1.5000000e+01   1.4072944e+00
   2.7000000e+01   4.8000000e+01   1.6080181e+01   2.1000000e+01   2.9787965e+00
   2.7000000e+01   5.1000000e+01   9.8369274e+00   2.4000000e+01  -2.4346823e+00
   2.7000000e+01   5.1000000e+01   9.1466031e+00   2.4000000e+01  -2.6184358e+00
   2.7000000e+01   5.2000000e+01   4.0339431e+00   2.5000000e+01  -5.9370676e+00
   2.7000000e+01   5.2000000e+01   2.9021485e+00   2.5000000e+01  -8.2524354e+00
   2.7000000e+01   5.4000000e+01   1.2259141e+01   2.7000000e+01   1.2893941e+00
   2.7000000e+01   5.4000000e+01   1.3712330e+01   2.7000000e+01   1.1527482e+00
   2.7000000e+01   5.4000000e+01   1.2922823e+01   2.7000000e+01   1.2231742e+00
   2.7000000e+01   5.8000000e+01   1.3641209e+01   3.1000000e+01  -1.7556943e+00
   2.7000000e+01   5.8000000e+01   1.5665712e+01   3.1000000e+01  -1.5288033e+00
   2.7000000e+01   6.3000000e+01   2.5727803e+01   3.6000000e+01   1.8617830e+00
   2.7000000e+01   6.4000000e+01   2.4122069e+01   3.7000000e+01  -9.9285814e-01
   2.7000000e+01   6.4000000e+01   2.3467162e+01   3.7000000e+01  -1.0205662e+00
   2.7000000e+01   7.2000000e+01   6.9454334e+00   4.5000000e+01   2.2758642e+00
   2.7000000e+01   7.2000000e+01   6.7474468e+00   4.5000000e+01   2.3426437e+00
   2.7000000e+01   7.2000000e+01   4.8119031e+00   4.5000000e+01   3.2849505e+00
   2.7000000e+01   7.4000000e+01   1.3895238e+01   4.7000000e+01   1.1375741e+00
   2.7000000e+01   7.4000000e+01   1.3108131e+01   4.7000000e+01   1.2058823e+00
   2.7000000e+01   7.4000000e+01   1.5053552e+01   4.7000000e+01   1.0500421e+00
   2.9000000e+01   3.2000000e+01   9.8592207e+00   3.0000000e+00  -2.4291771e+00
   2.9000000e+01   3.2000000e+01   8.5503245e+00   3.0000000e+00  -2.8010391e+00
   2.9000000e+01   3.3000000e+01   9.0914037e+00   4.0000000e+00   5.2686678e+00
   2.9000000e+01   3.4000000e+01   1.4623840e+01   5.0000000e+00  -1.6377226e+00
   2.9000000e+01   3.4000000e+01   1.2976415e+01   5.0000000e+00  -1.8456402e+00
   2.9000000e+01   3.9000000e+01   2.0467087e+01   1.0000000e+01  -1.1701613e+00
   2.9000000e+01   3.9000000e+01   2.1395554e+01   1.0000000e+01  -1.1193818e+00
   2.9000000e+01   4.2000000e+01   2.2141424e+01   1.3000000e+01   7.1390456e-01
   2.9000000e+01   4.2000000e+01   2.3016429e+01   1.3000000e+01   6.8676438e-01
   2.9000000e+01   4.2000000e+01   2.3424421e+01   1.3000000e+01   6.7480272e-01
   2.9000000e+01   4.8000000e+01   2.2635839e+01   1.9000000e+01   2.1160951e+00
   2.9000000e+01   5.1000000e+01   2.1270566e+01   2.2000000e+01  -1.1259594e+00
   2.9000000e+01   5.1000000e+01   2.0860505e+01   2.2000000e+01  -1.1480927e+00
   2.9000000e+01   5.2000000e+01   1.5740598e+01   2.3000000e+01  -1.5215301e+00
   2.9000000e+01   5.2000000e+01   1.4625335e+01   2.3000000e+01  -1.6375552e+00
   2.9000000e+01   5.4000000e+01   1.9028916e+01   2.5000000e+01   8.3067597e-01
   2.9000000e+01   5.4000000e+01   1.8774210e+01   2.5000000e+01   8.4194560e-01
   2.9000000e+01   5.4000000e+01   1.9740122e+01   2.5000000e+01   8.0074799e-01
   2.9000000e+01   5.8000000e+01   1.6999981e+01   2.9000000e+01  -1.4088130e+00
   2.9000000e+01   5.8000000e+01   1.7784957e+01   2.9000000e+01  -1.3466321e+00
   2.9000000e+01   6.3000000e+01   1.7926931e+01   3.4000000e+01   2.6719345e+00
   2.9000000e+01   6.4000000e+01   1.6631687e+01   3.5000000e+01  -1.4400098e+00
   2.9000000e+01   6.4000000e+01   1.4803841e+01   3.5000000e+01  -1.6178094e+00
   2.9000000e+01   7.2000000e+01   2.0972226e+01   4.3000000e+01   7.5370461e-01
   2.9000000e+01   7.2000000e+01   2.1626104e+01   4.3000000e+01   7.3091589e-01
   2.9000000e+01   7.2000000e+01   1.9395995e+01   4.3000000e+01   8.1495501e-01
   2.9000000e+01   7.4000000e+01   2.5987192e+01   4.5000000e+01   6.0825591e-01
   2.9000000e+01   7.4000000e+01   2.4232793e+01   4.5000000e+01   6.5229227e-01
   2.9000000e+01   7.4000000e+01   2.6045348e+01   4.5000000e+01   6.0689775e-01
   3.2000000e+01   3.3000000e+01   1.0539326e+01   1.0000000e+00  -2.2724217e+00
   3.2000000e+01   3.4000000e+01   1.2007933e+01   2.0000000e+00   9.9724880e-01
   3.2000000e+01   3.4000000e+01   1.1332938e+01   2.0000000e+00   1.0566454e+00
   3.2000000e+01   3.9000000e+01   1.6261814e+01   7.0000000e+00   7.3638135e-01
   3.2000000e+01   3.9000000e+01   1.7580383e+01   7.0000000e+00   6.8115105e-01
   3.2000000e+01   4.2000000e+01   2.3333108e+01   1.0000000e+01  -3.3872178e-01
   3.2000000e+01   4.2000000e+01   2.3929116e+01   1.0000000e+01  -3.3028515e-01
   3.2000000e+01   4.2000000e+01   2.5114405e+01   1.0000000e+01  -3.1469715e-01
   3.2000000e+01   4.8000000e+01   2.8779028e+01   1.6000000e+01  -8.3219603e-01
   3.2000000e+01   5.1000000e+01   2.4006613e+01   1.9000000e+01   4.9881657e-01
   3.2000000e+01   5.1000000e+01   2.3955841e+01   1.9000000e+01   4.9987378e-01
   3.2000000e+01   5.2000000e+01   1.6134143e+01   2.0000000e+01   7.4220842e-01
   3.2000000e+01   5.2000000e+01   1.6060268e+01   2.0000000e+01   7.4562248e-01
   3.2000000e+01   5.4000000e+01   2.3894580e+01   2.2000000e+01  -3.3076252e-01
   3.2000000e+01   5.4000000e+01   2.3938898e+01   2.2000000e+01  -3.3015020e-01
   3.2000000e+01   5.4000000e+01   2.4042520e+01   2.2000000e+01  -3.2872726e-01
   3.2000000e+01   5.8000000e+01   2.3412069e+01   2.6000000e+01   5.1148391e-01
   3.2000000e+01   5.8000000e+01   2.4864532e+01   2.6000000e+01   4.8160555e-01
   3.2000000e+01   6.3000000e+01   2.7190115e+01   3.1000000e+01  -8.8082721e-01
   3.2000000e+01   6.4000000e+01   2.4970709e+01   3.2000000e+01   4.7955773e-01
   3.2000000e+01   6.4000000e+01   2.3217387e+01   3.2000000e+01   5.1577279e-01
   3.2000000e+01   7.2000000e+01   1.9336454e+01   4.0000000e+01  -4.0873222e-01
   3.2000000e+01   7.2000000e+01   2.0582619e+01   4.0000000e+01  -3.8398572e-01
   3.2000000e+01   7.2000000e+01   1.8619878e+01   4.0000000e+01  -4.2446206e-01
   3.2000000e+01   7.4000000e+01   2.1078528e+01   4.2000000e+01  -3.7495179e-01
   3.2000000e+01   7.4000000e+01   1.8928543e+01   4.2000000e+01  -4.1754042e-01
   3.2000000e+01   7.4000000e+01   2.0357632e+01   4.2000000e+01  -3.8822942e-01
   3.2000000e+01   3.3000000e+01   8.7030485e+00   1.0000000e+00  -2.7518855e+00
   3.2000000e+01   3.4000000e+01   1.1429134e+01   2.0000000e+00   1.0477518e+00
   3.2000000e+01   3.4000000e+01   1.0381939e+01   2.0000000e+00   1.1534354e+00
   3.2000000e+01   3.9000000e+01   1.7838548e+01   7.0000000e+00   6.7129324e-01
   3.2000000e+01   3.9000000e+01   1.9217908e+01   7.0000000e+00   6.2311135e-01
   3.2000000e+01   4.2000000e+01   2.3840601e+01   1.0000000e+01  -3.3151142e-01
   3.2000000e+01   4.2000000e+01   2.4360411e+01   1.0000000e+01  -3.2443754e-01
   3.2000000e+01   4.2000000e+01   2.5485988e+01   1.0000000e+01  -3.1010890e-01
   3.2000000e+01   4.8000000e+01   2.8519547e+01   1.6000000e+01  -8.3976766e-01
   3.2000000e+01   5.1000000e+01   2.4806479e+01   1.9000000e+01   4.8273262e-01
   3.2000000e+01   5.1000000e+01   2.4623274e+01   1.9000000e+01   4.8632430e-01
   3.2000000e+01   5.2000000e+01   1.7208622e+01   2.0000000e+01   6.9586608e-01
   3.2000000e+01   5.2000000e+01   1.6876081e+01   2.0000000e+01   7.0957806e-01
   3.2000000e+01   5.4000000e+01   2.4292334e+01   2.2000000e+01  -3.2534674e-01
   3.2000000e+01   5.4000000e+01   2.4297348e+01   2.2000000e+01  -3.2527960e-01
   3.2000000e+01   5.4000000e+01   2.4595480e+01   2.2000000e+01  -3.2133676e-01
   3.2000000e+01   5.8000000e+01   2.3431189e+01   2.6000000e+01   5.1106653e-01
   3.2000000e+01   5.8000000e+01   2.4727802e+01   2.6000000e+01   4.8426854e-01
   3.2000000e+01   6.3000000e+01   2.5532574e+01   3.1000000e+01  -9.3800934e-01
   3.2000000e+01   6.4000000e+01   2.3249212e+01   3.2000000e+01   5.1506677e-01
   3.2000000e+01   6.4000000e+01   2.1433978e+01   3.2000000e+01   5.5868754e-01
   3.2000000e+01   7.2000000e+01   2.0439220e+01   4.0000000e+01  -3.8667972e-01
   3.2000000e+01   7.2000000e+01   2.1701719e+01   4.0000000e+01  -3.6418459e-01
   3.2000000e+01   7.2000000e+01   1.9625762e+01   4.0000000e+01  -4.0270701e-01
   3.2000000e+01   7.4000000e+01   2.2870621e+01   4.2000000e+01  -3.4557136e-01
   3.2000000e+01   7.4000000e+01   2.0724801e+01   4.2000000e+01  -3.8135140e-01
   3.2000000e+01   7.4000000e+01   2.2263442e+01   4.2000000e+01  -3.5499596e-01
   3.3000000e+01   3.4000000e+01   7.7752532e+00   1.0000000e+00  -3.0802589e+00
   3.3000000e+01   3.4000000e+01   5.6000146e+00   1.0000000e+00  -4.2767377e+00
   3.3000000e+01   3.9000000e+01   2.0982619e+01   6.0000000e+00  -1.1414111e+00
   3.3000000e+01   3.9000000e+01   2.2649596e+01   6.0000000e+00  -1.0574049e+00
   3.3000000e+01   4.2000000e+01   2.2544976e+01   9.0000000e+00   7.0112576e-01
   3.3000000e+01   4.2000000e+01   2.2497452e+01   9.0000000e+00   7.0260683e-01
   3.3000000e+01   4.2000000e+01   2.3518846e+01   9.0000000e+00   6.7209349e-01
   3.3000000e+01   4.8000000e+01   2.5641254e+01   1.5000000e+01   1.8680672e+00
   3.3000000e+01   5.1000000e+01   2.6539417e+01   1.8000000e+01  -9.0242348e-01
   3.3000000e+01   5.1000000e+01   2.5649280e+01   1.8000000e+01  -9.3374133e-01
   3.3000000e+01   5.2000000e+01   2.0164036e+01   1.9000000e+01  -1.1877480e+00
   3.3000000e+01   5.2000000e+01   1.8969430e+01   1.9000000e+01  -1.2625468e+00
   3.3000000e+01   5.4000000e+01   2.5603825e+01   2.1000000e+01   6.1736337e-01
   3.3000000e+01   5.4000000e+01   2.5972654e+01   2.1000000e+01   6.0859638e-01
   3.3000000e+01   5.4000000e+01   2.6638773e+01   2.1000000e+01   5.9337807e-01
   3.3000000e+01   5.8000000e+01   2.3903564e+01   2.5000000e+01  -1.0019340e+00
   3.3000000e+01   5.8000000e+01   2.4770322e+01   2.5000000e+01  -9.6687451e-01
   3.3000000e+01   6.3000000e+01   1.9851843e+01   3.0000000e+01   2.4128534e+00
   3.3000000e+01   6.4000000e+01   1.6474621e+01   3.1000000e+01  -1.4537386e+00
   3.3000000e+01   6.4000000e+01   1.4860941e+01   3.1000000e+01  -1.6115933e+00
   3.3000000e+01   7.2000000e+01   2.1571933e+01   3.9000000e+01   7.3275135e-01
   3.3000000e+01   7.2000000e+01   2.3009582e+01   3.9000000e+01   6.8696873e-01
   3.3000000e+01   7.2000000e+01   2.0730665e+01   3.9000000e+01   7.6248703e-01
   3.3000000e+01   7.4000000e+01   2.6520302e+01   4.1000000e+01   5.9602878e-01
   3.3000000e+01   7.4000000e+01   2.4492337e+01   4.1000000e+01   6.4537996e-01
   3.3000000e+01   7.4000000e+01   2.6481913e+01   4.1000000e+01   5.9689281e-01
   3.4000000e+01   3.9000000e+01   1.6555486e+01   5.0000000e+00   7.2331892e-01
   3.4000000e+01   3.9000000e+01   1.8588755e+01   5.0000000e+00   6.4420110e-01
   3.4000000e+01   4.2000000e+01   1.9015556e+01   8.0000000e+00  -4.1562979e-01
   3.4000000e+01   4.2000000e+01   1.8423729e+01   8.0000000e+00  -4.2898111e-01
   3.4000000e+01   4.2000000e+01   2.0036316e+01   8.0000000e+00  -3.9445533e-01
   3.4000000e+01   4.8000000e+01   2.5986581e+01   1.4000000e+01  -9.2162155e-01
   3.4000000e+01   5.1000000e+01   2.6042937e+01   1.7000000e+01   4.5981359e-01
   3.4000000e+01   5.1000000e+01   2.5022313e+01   1.7000000e+01   4.7856872e-01
   3.4000000e+01   5.2000000e+01   1.9201945e+01   1.8000000e+01   6.2362935e-01
   3.4000000e+01   5.2000000e+01   1.8287601e+01   1.8000000e+01   6.5480960e-01
   3.4000000e+01   5.4000000e+01   2.6818465e+01   2.0000000e+01  -2.9470112e-01
   3.4000000e+01   5.4000000e+01   2.7741204e+01   2.0000000e+01  -2.8489866e-01
   3.4000000e+01   5.4000000e+01   2.7823146e+01   2.0000000e+01  -2.8405960e-01
   3.4000000e+01   5.8000000e+01   2.6158724e+01   2.4000000e+01   4.5777831e-01
   3.4000000e+01   5.8000000e+01   2.7458509e+01   2.4000000e+01   4.3610877e-01
   3.4000000e+01   6.3000000e+01   2.5236402e+01   2.9000000e+01  -9.4901774e-01
   3.4000000e+01   6.4000000e+01   2.1353830e+01   3.0000000e+01   5.6078449e-01
   3.4000000e+01   6.4000000e+01   2.0294152e+01   3.0000000e+01   5.9006638e-01
   3.4000000e+01   7.2000000e+01   1.7304402e+01   3.8000000e+01  -4.5672955e-01
   3.4000000e+01   7.2000000e+01   1.9236381e+01   3.8000000e+01  -4.1085856e-01
   3.4000000e+01   7.2000000e+01   1.7239622e+01   3.8000000e+01  -4.5844576e-01
   3.4000000e+01   7.4000000e+01   2.1583063e+01   4.0000000e+01  -3.6618675e-01
   3.4000000e+01   7.4000000e+01   1.9567909e+01   4.0000000e+01  -4.0389762e-01
   3.4000000e+01   7.4000000e+01   2.1590221e+01   4.0000000e+01  -3.6606535e-01
   3.4000000e+01   3.9000000e+01   1.7767895e+01   5.0000000e+00   6.7396258e-01
   3.4000000e+01   3.9000000e+01   1.9708033e+01   5.0000000e+00   6.0761500e-01
   3.4000000e+01   4.2000000e+01   1.9825283e+01   8.0000000e+00  -3.9865417e-01
   3.4000000e+01   4.2000000e+01   1.9377631e+01   8.0000000e+00  -4.0786367e-01
   3.4000000e+01   4.2000000e+01   2.0815454e+01   8.0000000e+00  -3.7969057e-01
   3.4000000e+01   4.8000000e+01   2.5664908e+01   1.4000000e+01  -9.3317277e-01
   3.4000000e+01   5.1000000e+01   2.6103303e+01   1.7000000e+01   4.5875025e-01
   3.4000000e+01   5.1000000e+01   2.5092759e+01   1.7000000e+01   4.7722518e-01
   3.4000000e+01   5.2000000e+01   1.9360046e+01   1.8000000e+01   6.1853658e-01
   3.4000000e+01   5.2000000e+01   1.8329074e+01   1.8000000e+01   6.5332795e-01
   3.4000000e+01   5.4000000e+01   2.6392874e+01   2.0000000e+01  -2.9945324e-01
   3.4000000e+01   5.4000000e+01   2.7179951e+01   2.0000000e+01  -2.9078168e-01
   3.4000000e+01   5.4000000e+01   2.7431689e+01   2.0000000e+01  -2.8811320e-01
   3.4000000e+01   5.8000000e+01   2.5424196e+01   2.4000000e+01   4.7100394e-01
   3.4000000e+01   5.8000000e+01   2.6605907e+01   2.4000000e+01   4.5008413e-01
   3.4000000e+01   6.3000000e+01   2.3510821e+01   2.9000000e+01  -1.0186711e+00
   3.4000000e+01   6.4000000e+01   1.9682667e+01   3.0000000e+01   6.0839806e-01
   3.4000000e+01   6.4000000e+01   1.8500628e+01   3.0000000e+01   6.4726973e-01
   3.4000000e+01   7.2000000e+01   1.8416111e+01   3.8000000e+01  -4.2915857e-01
   3.4000000e+01   7.2000000e+01   2.0212239e+01   3.8000000e+01  -3.9102208e-01
   3.4000000e+01   7.2000000e+01   1.8099895e+01   3.8000000e+01  -4.3665622e-01
   3.4000000e+01   7.4000000e+01   2.3007038e+01   4.0000000e+01  -3.4352235e-01
   3.4000000e+01   7.4000000e+01   2.0979387e+01   4.0000000e+01  -3.7672368e-01
   3.4000000e+01   7.4000000e+01   2.3011905e+01   4.0000000e+01  -3.4344969e-01
   3.9000000e+01   4.2000000e+01   1.2966862e+01   3.0000000e+00  -6.0950997e-01
   3.9000000e+01   4.2000000e+01   1.3676726e+01   3.0000000e+00  -5.7787454e-01
   3.9000000e+01   4.2000000e+01   1.5166315e+01   3.0000000e+00  -5.2111747e-01
   3.9000000e+01   4.8000000e+01   2.4285048e+01   9.0000000e+00  -9.8619503e-01
   3.9000000e+01   5.1000000e+01   1.6445770e+01   1.2000000e+01   7.2814446e-01
   3.9000000e+01   5.1000000e+01   1.6332995e+01   1.2000000e+01   7.3317211e-01
   3.9000000e+01   5.2000000e+01   9.9068900e+00   1.3000000e+01   1.2087443e+00
   3.9000000e+01   5.2000000e+01   1.0841985e+01   1.3000000e+01   1.1044930e+00
   3.9000000e+01   5.4000000e+01   2.0330721e+01   1.5000000e+01  -3.8874331e-01
   3.9000000e+01   5.4000000e+01   2.1649261e+01   1.5000000e+01  -3.6506704e-01
   3.9000000e+01   5.4000000e+01   2.0371367e+01   1.5000000e+01  -3.8796766e-01
   3.9000000e+01   5.8000000e+01   2.2363904e+01   1.9000000e+01   5.3545644e-01
   3.9000000e+01   5.8000000e+01   2.4493977e+01   1.9000000e+01   4.8889148e-01
   3.9000000e+01   6.3000000e+01   3.3561788e+01   2.4000000e+01  -7.1360302e-01
   3.9000000e+01   6.4000000e+01   3.1221229e+01   2.5000000e+01   3.8354982e-01
   3.9000000e+01   6.4000000e+01   3.0403035e+01   2.5000000e+01   3.9387175e-01
   3.9000000e+01   7.2000000e+01   5.8340638e+00   3.3000000e+01  -1.3547044e+00
   3.9000000e+01   7.2000000e+01   7.1321080e+00   3.3000000e+01  -1.1081481e+00
   3.9000000e+01   7.2000000e+01   6.8002874e+00   3.3000000e+01  -1.1622202e+00
   3.9000000e+01   7.4000000e+01   5.7289571e+00   3.5000000e+01  -1.3795585e+00
   3.9000000e+01   7.4000000e+01   4.2299472e+00   3.5000000e+01  -1.8684469e+00
   3.9000000e+01   7.4000000e+01   6.4206120e+00   3.5000000e+01  -1.2309468e+00
   3.9000000e+01   4.2000000e+01   1.3084396e+01   3.0000000e+00  -6.0403490e-01
   3.9000000e+01   4.2000000e+01   1.4072120e+01   3.0000000e+00  -5.6163761e-01
   3.9000000e+01   4.2000000e+01   1.5328583e+01   3.0000000e+00  -5.1560092e-01
   3.9000000e+01   4.8000000e+01   2.4124288e+01   9.0000000e+00  -9.9276683e-01
   3.9000000e+01   5.1000000e+01   1.5183764e+01   1.2000000e+01   7.8866454e-01
   3.9000000e+01   5.1000000e+01   1.5274921e+01   1.2000000e+01   7.8395799e-01
   3.9000000e+01   5.2000000e+01   9.2283236e+00   1.3000000e+01   1.2976243e+00
   3.9000000e+01   5.2000000e+01   1.0468806e+01   1.3000000e+01   1.1438646e+00
   3.9000000e+01   5.4000000e+01   1.9416994e+01   1.5000000e+01  -4.0703684e-01
   3.9000000e+01   5.4000000e+01   2.0743244e+01   1.5000000e+01  -3.8101234e-01
   3.9000000e+01   5.4000000e+01   1.9291556e+01   1.5000000e+01  -4.0968348e-01
   3.9000000e+01   5.8000000e+01   2.1795419e+01   1.9000000e+01   5.4942264e-01
   3.9000000e+01   5.8000000e+01   2.3975509e+01   1.9000000e+01   4.9946370e-01
   3.9000000e+01   6.3000000e+01   3.4350074e+01   2.4000000e+01  -6.9722683e-01
   3.9000000e+01   6.4000000e+01   3.2257767e+01   2.5000000e+01   3.7122521e-01
   3.9000000e+01   6.4000000e+01   3.1470127e+01   2.5000000e+01   3.8051631e-01
   3.9000000e+01   7.2000000e+01   5.9190730e+00   3.3000000e+01  -1.3352482e+00
   3.9000000e+01   7.2000000e+01   6.5147766e+00   3.3000000e+01  -1.2131547e+00
   3.9000000e+01   7.2000000e+01   6.7037604e+00   3.3000000e+01  -1.1789550e+00
   3.9000000e+01   7.4000000e+01   4.9188818e+00   3.5000000e+01  -1.6067537e+00
   3.9000000e+01   7.4000000e+01   4.1842042e+00   3.5000000e+01  -1.8888733e+00
   3.9000000e+01   7.4000000e+01   5.9586583e+00   3.5000000e+01  -1.3263777e+00
   4.2000000e+01   4.8000000e+01   1.3594518e+01   6.0000000e+00   1.1627380e+00
   4.2000000e+01   5.1000000e+01   1.3263775e+01   9.0000000e+00  -5.9586593e-01
   4.2000000e+01   5.1000000e+01   1.1525754e+01   9.0000000e+00  -6.8571928e-01
   4.2000000e+01   5.2000000e+01   1.2467774e+01   1.0000000e+01  -6.3390882e-01
   4.2000000e+01   5.2000000e+01   1.1436806e+01   1.0000000e+01  -6.9105238e-01
   4.2000000e+01   5.4000000e+01   1.6750660e+01   1.2000000e+01   3.1140653e-01
   4.2000000e+01   5.4000000e+01   1.8895680e+01   1.2000000e+01   2.7605596e-01
   4.2000000e+01   5.4000000e+01   1.8038256e+01   1.2000000e+01   2.8917789e-01
   4.2000000e+01   5.8000000e+01   1.8188095e+01   1.6000000e+01  -4.3453873e-01
   4.2000000e+01   5.8000000e+01   1.9770153e+01   1.6000000e+01  -3.9976584e-01
   4.2000000e+01   6.3000000e+01   2.7679181e+01   2.1000000e+01   5.7107411e-01
   4.2000000e+01   6.4000000e+01   2.5541840e+01   2.2000000e+01  -3.0943079e-01
   4.2000000e+01   6.4000000e+01   2.5628576e+01   2.2000000e+01  -3.0838356e-01
   4.2000000e+01   7.2000000e+01   7.2494013e+00   3.0000000e+01   7.1954424e-01
   4.2000000e+01   7.2000000e+01   6.9946587e+00   3.0000000e+01   7.4574975e-01
   4.2000000e+01   7.2000000e+01   6.7627744e+00   3.0000000e+01   7.7132027e-01
   4.2000000e+01   7.4000000e+01   1.6054508e+01   3.2000000e+01   3.2490968e-01
   4.2000000e+01   7.4000000e+01   1.6025362e+01   3.2000000e+01   3.2550059e-01
   4.2000000e+01   7.4000000e+01   1.7982883e+01   3.2000000e+01   2.9006833e-01
   4.2000000e+01   4.8000000e+01   1.4717203e+01   6.0000000e+00   1.0740399e+00
   4.2000000e+01   5.1000000e+01   1.5613548e+01   9.0000000e+00  -5.0619063e-01
   4.2000000e+01   5.1000000e+01   1.3858032e+01   9.0000000e+00  -5.7031416e-01
   4.2000000e+01   5.2000000e+01   1.4381636e+01   1.0000000e+01  -5.4955026e-01
   4.2000000e+01   5.2000000e+01   1.3334706e+01   1.0000000e+01  -5.9269637e-01
   4.2000000e+01   5.4000000e+01   1.8967515e+01   1.2000000e+01   2.7501046e-01
   4.2000000e+01   5.4000000e+01   2.1092428e+01   1.2000000e+01   2.4730510e-01
   4.2000000e+01   5.4000000e+01   2.0311695e+01   1.2000000e+01   2.5681091e-01
   4.2000000e+01   5.8000000e+01   2.0188141e+01   1.6000000e+01  -3.9148882e-01
   4.2000000e+01   5.8000000e+01   2.1690758e+01   1.6000000e+01  -3.6436864e-01
   4.2000000e+01   6.3000000e+01   2.8107189e+01   2.1000000e+01   5.6237796e-01
   4.2000000e+01   6.4000000e+01   2.5638931e+01   2.2000000e+01  -3.0825902e-01
   4.2000000e+01   6.4000000e+01   2.5803110e+01   2.2000000e+01  -3.0629765e-01
   4.2000000e+01   7.2000000e+01   8.1589017e+00   3.0000000e+01   6.3933421e-01
   4.2000000e+01   7.2000000e+01   8.4223874e+00   3.0000000e+01   6.1933329e-01
   4.2000000e+01   7.2000000e+01   8.1702799e+00   3.0000000e+01   6.3844385e-01
   4.2000000e+01   7.4000000e+01   1.6676163e+01   3.2000000e+01   3.1279767e-01
   4.2000000e+01   7.4000000e+01   1.6575788e+01   3.2000000e+01   3.1469183e-01
   4.2000000e+01   7.4000000e+01   1.8570501e+01   3.2000000e+01   2.8088983e-01
   4.2000000e+01   4.8000000e+01   1.2781106e+01   6.0000000e+00   1.2367368e+00
   4.2000000e+01   5.1000000e+01   1.4586238e+01   9.0000000e+00  -5.4184170e-01
   4.2000000e+01   5.1000000e+01   1.2684998e+01   9.0000000e+00  -6.2305347e-01
   4.2000000e+01   5.2000000e+01   1.4542454e+01   1.0000000e+01  -5.4347304e-01
   4.2000000e+01   5.2000000e+01   1.3375535e+01   1.0000000e+01  -5.9088717e-01
   4.2000000e+01   5.4000000e+01   1.7787147e+01   1.2000000e+01   2.9326034e-01
   4.2000000e+01   5.4000000e+01   1.9981240e+01   1.2000000e+01   2.6105812e-01
   4.2000000e+01   5.4000000e+01   1.9241986e+01   1.2000000e+01   2.7108766e-01
   4.2000000e+01   5.8000000e+01   1.9004144e+01   1.6000000e+01  -4.1587939e-01
   4.2000000e+01   5.8000000e+01   2.0403102e+01   1.6000000e+01  -3.8736423e-01
   4.2000000e+01   6.3000000e+01   2.7463123e+01   2.1000000e+01   5.7556685e-01
   4.2000000e+01   6.4000000e+01   2.5298089e+01   2.2000000e+01  -3.1241220e-01
   4.2000000e+01   6.4000000e+01   2.5580601e+01   2.2000000e+01  -3.0896192e-01
   4.2000000e+01   7.2000000e+01   9.4542643e+00   3.0000000e+01   5.5173674e-01
   4.2000000e+01   7.2000000e+01   9.2129442e+00   3.0000000e+01   5.6618871e-01
   4.2000000e+01   7.2000000e+01   9.0661682e+00   3.0000000e+01   5.7535497e-01
   4.2000000e+01   7.4000000e+01   1.8097946e+01   3.2000000e+01   2.8822414e-01
   4.2000000e+01   7.4000000e+01   1.8126574e+01   3.2000000e+01   2.8776894e-01
   4.2000000e+01   7.4000000e+01   2.0064849e+01   3.2000000e+01   2.5997030e-01
   4.8000000e+01   5.1000000e+01   1.4269292e+01   3.0000000e+00  -1.6784150e+00
   4.8000000e+01   5.1000000e+01   1.2273147e+01   3.0000000e+00  -1.9513979e+00
   4.8000000e+01   5.2000000e+01   1.7999705e+01   4.0000000e+00  -1.3305658e+00
   4.8000000e+01   5.2000000e+01   1.6180350e+01   4.0000000e+00  -1.4801777e+00
   4.8000000e+01   5.4000000e+01   1.3204522e+01   6.0000000e+00   1.1970795e+00
   4.8000000e+01   5.4000000e+01   1.4890793e+01   6.0000000e+00   1.0615193e+00
   4.8000000e+01   5.4000000e+01   1.5411045e+01   6.0000000e+00   1.0256841e+00
   4.8000000e+01   5.8000000e+01   1.2332377e+01   1.0000000e+01  -1.9420257e+00
   4.8000000e+01   5.8000000e+01   1.2341298e+01   1.0000000e+01  -1.9406219e+00
   4.8000000e+01   6.3000000e+01   1.9847089e+01   1.5000000e+01   2.4134313e+00
   4.8000000e+01   6.4000000e+01   1.9799462e+01   1.6000000e+01  -1.2096184e+00
   4.8000000e+01   6.4000000e+01   2.0561480e+01   1.6000000e+01  -1.1647893e+00
   4.8000000e+01   7.2000000e+01   1.9388961e+01   2.4000000e+01   8.1525066e-01
   4.8000000e+01   7.2000000e+01   1.8449117e+01   2.4000000e+01   8.5678159e-01
   4.8000000e+01   7.2000000e+01   1.7667778e+01   2.4000000e+01   8.9467184e-01
   4.8000000e+01   7.4000000e+01   2.8105244e+01   2.6000000e+01   5.6241687e-01
   4.8000000e+01   7.4000000e+01   2.7948418e+01   2.6000000e+01   5.6557274e-01
   4.8000000e+01   7.4000000e+01   2.9860350e+01   2.6000000e+01   5.2935962e-01
   5.1000000e+01   5.2000000e+01   8.3230892e+00   1.0000000e+00   1.4387563e+00
   5.1000000e+01   5.2000000e+01   8.2216124e+00   1.0000000e+00   1.4565144e+00
   5.1000000e+01   5.4000000e+01   5.8803599e+00   3.0000000e+00  -1.3440388e+00
   5.1000000e+01   5.4000000e+01   7.7883555e+00   3.0000000e+00  -1.0147754e+00
   5.1000000e+01   5.4000000e+01   5.9445808e+00   3.0000000e+00  -1.3295188e+00
   5.1000000e+01   5.8000000e+01   9.6736951e+00   7.0000000e+00   1.2378824e+00
   5.1000000e+01   5.8000000e+01   1.1645366e+01   7.0000000e+00   1.0282971e+00
   5.1000000e+01   6.3000000e+01   2.8391812e+01   1.2000000e+01  -8.4354577e-01
   5.1000000e+01   6.4000000e+01   2.8296882e+01   1.3000000e+01   4.2318785e-01
   5.1000000e+01   6.4000000e+01   2.7969218e+01   1.3000000e+01   4.2814556e-01
   5.1000000e+01   7.2000000e+01   1.3516081e+01   2.1000000e+01  -5.8474283e-01
   5.1000000e+01   7.2000000e+01   1.1618621e+01   2.1000000e+01  -6.8023837e-01
   5.1000000e+01   7.2000000e+01   1.1602792e+01   2.1000000e+01  -6.8116640e-01
   5.1000000e+01   7.4000000e+01   1.8938814e+01   2.3000000e+01  -4.1731397e-01
   5.1000000e+01   7.4000000e+01   1.9203196e+01   2.3000000e+01  -4.1156857e-01
   5.1000000e+01   7.4000000e+01   2.0432508e+01   2.3000000e+01  -3.8680674e-01
   5.1000000e+01   5.2000000e+01   8.5818009e+00   1.0000000e+00   1.3953827e+00
   5.1000000e+01   5.2000000e+01   7.9930020e+00   1.0000000e+00   1.4981726e+00
   5.1000000e+01   5.4000000e+01   6.2365752e+00   3.0000000e+00  -1.2672711e+00
   5.1000000e+01   5.4000000e+01   8.4497092e+00   3.0000000e+00  -9.3534956e-01
   5.1000000e+01   5.4000000e+01   7.0452593e+00   3.0000000e+00  -1.1218085e+00
   5.1000000e+01   5.8000000e+01   9.4442366e+00   7.0000000e+00   1.2679581e+00
   5.1000000e+01   5.8000000e+01   1.1327485e+01   7.0000000e+00   1.0571541e+00
   5.1000000e+01   6.3000000e+01   2.7071932e+01   1.2000000e+01  -8.8467247e-01
   5.1000000e+01   6.4000000e+01   2.6821865e+01   1.3000000e+01   4.4646025e-01
   5.1000000e+01   6.4000000e+01   2.6611420e+01   1.3000000e+01   4.4999090e-01
   5.1000000e+01   7.2000000e+01   1.2766246e+01   2.1000000e+01  -6.1908816e-01
   5.1000000e+01   7.2000000e+01   1.0942839e+01   2.1000000e+01  -7.2224695e-01
   5.1000000e+01   7.2000000e+01   1.0798726e+01   2.1000000e+01  -7.3188554e-01
   5.1000000e+01   7.4000000e+01   1.9135700e+01   2.3000000e+01  -4.1302025e-01
   5.1000000e+01   7.4000000e+01   1.9334414e+01   2.3000000e+01  -4.0877535e-01
   5.1000000e+01   7.4000000e+01   2.0743873e+01   2.3000000e+01  -3.8100077e-01
   5.2000000e+01   5.4000000e+01   1.0760789e+01   2.0000000e+00  -7.3446580e-01
   5.2000000e+01   5.4000000e+01   1.1834344e+01   2.0000000e+00  -6.6783862e-01
   5.2000000e+01   5.4000000e+01   1.0738053e+01   2.0000000e+00  -7.3602094e-01
   5.2000000e+01   5.8000000e+01   1.2782778e+01   6.0000000e+00   9.3679921e-01
   5.2000000e+01   5.8000000e+01   1.4975811e+01   6.0000000e+00   7.9961590e-01
   5.2000000e+01   6.3000000e+01   2.7487677e+01   1.1000000e+01  -8.7129200e-01
   5.2000000e+01   6.4000000e+01   2.6414369e+01   1.2000000e+01   4.5334782e-01
   5.2000000e+01   6.4000000e+01   2.5597747e+01   1.2000000e+01   4.6781057e-01
   5.2000000e+01   7.2000000e+01   9.2575282e+00   2.0000000e+01  -8.5373024e-01
   5.2000000e+01   7.2000000e+01   8.5119615e+00   2.0000000e+01  -9.2850886e-01
   5.2000000e+01   7.2000000e+01   7.3421979e+00   2.0000000e+01  -1.0764395e+00
   5.2000000e+01   7.4000000e+01   1.3926452e+01   2.2000000e+01  -5.6751221e-01
   5.2000000e+01   7.4000000e+01   1.3306333e+01   2.2000000e+01  -5.9396015e-01
   5.2000000e+01   7.4000000e+01   1.4842098e+01   2.2000000e+01  -5.3250099e-01
   5.2000000e+01   5.4000000e+01   1.0019205e+01   2.0000000e+00  -7.8882824e-01
   5.2000000e+01   5.4000000e+01   1.1228292e+01   2.0000000e+00  -7.0388546e-01
   5.2000000e+01   5.4000000e+01   1.0433201e+01   2.0000000e+00  -7.5752705e-01
   5.2000000e+01   5.8000000e+01   1.1556786e+01   6.0000000e+00   1.0361788e+00
   5.2000000e+01   5.8000000e+01   1.3681874e+01   6.0000000e+00   8.7523801e-01
   5.2000000e+01   6.3000000e+01   2.5486275e+01   1.1000000e+01  -9.3971335e-01
   5.2000000e+01   6.4000000e+01   2.4384188e+01   1.2000000e+01   4.9109269e-01
   5.2000000e+01   6.4000000e+01   2.3634753e+01   1.2000000e+01   5.0666476e-01
   5.2000000e+01   7.2000000e+01   9.3689370e+00   2.0000000e+01  -8.4357827e-01
   5.2000000e+01   7.2000000e+01   8.7382368e+00   2.0000000e+01  -9.0446527e-01
   5.2000000e+01   7.2000000e+01   7.2234630e+00   2.0000000e+01  -1.0941334e+00
   5.2000000e+01   7.4000000e+01   1.5274354e+01   2.2000000e+01  -5.1743149e-01
   5.2000000e+01   7.4000000e+01   1.4570686e+01   2.2000000e+01  -5.4242000e-01
   5.2000000e+01   7.4000000e+01   1.6289275e+01   2.2000000e+01  -4.8519235e-01
   5.4000000e+01   5.8000000e+01   4.1591842e+00   4.0000000e+00  -1.9002361e+00
   5.4000000e+01   5.8000000e+01   6.0351383e+00   4.0000000e+00  -1.3095693e+00
   5.4000000e+01   6.3000000e+01   2.4471422e+01   9.0000000e+00   6.4593154e-01
   5.4000000e+01   6.4000000e+01   2.5200894e+01   1.0000000e+01  -3.1361712e-01
   5.4000000e+01   6.4000000e+01   2.4817499e+01   1.0000000e+01  -3.1846206e-01
   5.4000000e+01   7.2000000e+01   1.7763658e+01   1.8000000e+01   2.9364814e-01
   5.4000000e+01   7.2000000e+01   1.6258092e+01   1.8000000e+01   3.2084115e-01
   5.4000000e+01   7.2000000e+01   1.5572002e+01   1.8000000e+01   3.3497716e-01
   5.4000000e+01   7.4000000e+01   2.3695281e+01   2.0000000e+01   2.2013940e-01
   5.4000000e+01   7.4000000e+01   2.3564293e+01   2.0000000e+01   2.2136310e-01
   5.4000000e+01   7.4000000e+01   2.4938245e+01   2.0000000e+01   2.0916728e-01
   5.4000000e+01   5.8000000e+01   3.8849867e+00   4.0000000e+00  -2.0343523e+00
   5.4000000e+01   5.8000000e+01   5.4626339e+00   4.0000000e+00  -1.4468170e+00
   5.4000000e+01   6.3000000e+01   2.4434222e+01   9.0000000e+00   6.4691496e-01
   5.4000000e+01   6.4000000e+01   2.5484557e+01   1.0000000e+01  -3.1012631e-01
   5.4000000e+01   6.4000000e+01   2.4983618e+01   1.0000000e+01  -3.1634456e-01
   5.4000000e+01   7.2000000e+01   1.9539328e+01   1.8000000e+01   2.6696235e-01
   5.4000000e+01   7.2000000e+01   1.8108759e+01   1.8000000e+01   2.8805204e-01
   5.4000000e+01   7.2000000e+01   1.7334313e+01   1.8000000e+01   3.0092136e-01
   5.4000000e+01   7.4000000e+01   2.5065692e+01   2.0000000e+01   2.0810377e-01
   5.4000000e+01   7.4000000e+01   2.4849821e+01   2.0000000e+01   2.0991157e-01
   5.4000000e+01   7.4000000e+01   2.6158653e+01   2.0000000e+01   1.9940877e-01
   5.4000000e+01   5.8000000e+01   5.7791339e+00   4.0000000e+00  -1.3675806e+00
   5.4000000e+01   5.8000000e+01   7.5400951e+00   4.0000000e+00  -1.0481873e+00
   5.4000000e+01   6.3000000e+01   2.6277553e+01   9.0000000e+00   6.0153484e-01
   5.4000000e+01   6.4000000e+01   2.7060370e+01   1.0000000e+01  -2.9206666e-01
   5.4000000e+01   6.4000000e+01   2.6564143e+01   1.0000000e+01  -2.9752256e-01
   5.4000000e+01   7.2000000e+01   1.8290901e+01   1.8000000e+01   2.8518359e-01
   5.4000000e+01   7.2000000e+01   1.6712382e+01   1.8000000e+01   3.1211978e-01
   5.4000000e+01   7.2000000e+01   1.6163408e+01   1.8000000e+01   3.2272060e-01
   5.4000000e+01   7.4000000e+01   2.3423647e+01   2.0000000e+01   2.2269226e-01
   5.4000000e+01   7.4000000e+01   2.3357780e+01   2.0000000e+01   2.2332024e-01
   5.4000000e+01   7.4000000e+01   2.4563656e+01   2.0000000e+01   2.1235702e-01
   5.8000000e+01   6.3000000e+01   2.0662381e+01   5.0000000e+00  -1.1591013e+00
   5.8000000e+01   6.4000000e+01   2.1798643e+01   6.0000000e+00   5.4934137e-01
   5.8000000e+01   6.4000000e+01   2.1410209e+01   6.0000000e+00   5.5930778e-01
   5.8000000e+01   7.2000000e+01   1.9816645e+01   1.4000000e+01  -3.9882794e-01
   5.8000000e+01   7.2000000e+01   1.8643754e+01   1.4000000e+01  -4.2391848e-01
   5.8000000e+01   7.2000000e+01   1.7542768e+01   1.4000000e+01  -4.5052364e-01
   5.8000000e+01   7.4000000e+01   2.6376434e+01   1.6000000e+01  -2.9963989e-01
   5.8000000e+01   7.4000000e+01   2.5958577e+01   1.6000000e+01  -3.0446321e-01
   5.8000000e+01   7.4000000e+01   2.7520026e+01   1.6000000e+01  -2.8718838e-01
   5.8000000e+01   6.3000000e+01   1.9625705e+01   5.0000000e+00  -1.2203278e+00
   5.8000000e+01   6.4000000e+01   2.1208619e+01   6.0000000e+00   5.6462406e-01
   5.8000000e+01   6.4000000e+01   2.0916107e+01   6.0000000e+00   5.7252032e-01
   5.8000000e+01   7.2000000e+01   2.1830164e+01   1.4000000e+01  -3.6204179e-01
   5.8000000e+01   7.2000000e+01   2.0683646e+01   1.4000000e+01  -3.8211019e-01
   5.8000000e+01   7.2000000e+01   1.9558788e+01   1.4000000e+01  -4.0408597e-01
   5.8000000e+01   7.4000000e+01   2.8572999e+01   1.6000000e+01  -2.7660491e-01
   5.8000000e+01   7.4000000e+01   2.8138840e+01   1.6000000e+01  -2.8087269e-01
   5.8000000e+01   7.4000000e+01   2.9726304e+01   1.6000000e+01  -2.6587334e-01
   6.3000000e+01   6.4000000e+01   4.8464822e+00   1.0000000e+00  -4.9416859e+00
   6.3000000e+01   6.4000000e+01   5.4584031e+00   1.0000000e+00  -4.3876923e+00
   6.3000000e+01   7.2000000e+01   3.1084669e+01   9.0000000e+00   5.0850995e-01
   6.3000000e+01   7.2000000e+01   3.1295092e+01   9.0000000e+00   5.0509081e-01
   6.3000000e+01   7.2000000e+01   2.9310810e+01   9.0000000e+00   5.3928443e-01
   6.3000000e+01   7.4000000e+01   3.9067339e+01   1.1000000e+01   4.0460559e-01
   6.3000000e+01   7.4000000e+01   3.7785019e+01   1.1000000e+01   4.1833678e-01
   6.3000000e+01   7.4000000e+01   3.9931192e+01   1.1000000e+01   3.9585253e-01
   6.4000000e+01   7.2000000e+01   2.8834630e+01   8.0000000e+00  -2.7409513e-01
   6.4000000e+01   7.2000000e+01   2.9352011e+01   8.0000000e+00  -2.6926372e-01
   6.4000000e+01   7.2000000e+01   2.7292271e+01   8.0000000e+00  -2.8958498e-01
   6.4000000e+01   7.4000000e+01   3.6788476e+01   1.0000000e+01  -2.1483444e-01
   6.4000000e+01   7.4000000e+01   3.5397024e+01   1.0000000e+01  -2.2327955e-01
   6.4000000e+01   7.4000000e+01   3.7610482e+01   1.0000000e+01  -2.1013907e-01
   6.4000000e+01   7.2000000e+01   2.8390869e+01   8.0000000e+00  -2.7837936e-01
   6.4000000e+01   7.2000000e+01   2.8963423e+01   8.0000000e+00  -2.7287630e-01
   6.4000000e+01   7.2000000e+01   2.6831711e+01   8.0000000e+00  -2.9455564e-01
   6.4000000e+01   7.4000000e+01   3.6040534e+01   1.0000000e+01  -2.1929286e-01
   6.4000000e+01   7.4000000e+01   3.4563444e+01   1.0000000e+01  -2.2866448e-01
   6.4000000e+01   7.4000000e+01   3.6746877e+01   1.0000000e+01  -2.1507764e-01
   7.2000000e+01   7.4000000e+01   9.1306418e+00   2.0000000e+00   5.7129226e-01
   7.2000000e+01   7.4000000e+01   8.8646078e+00   2.0000000e+00   5.8843719e-01
   7.2000000e+01   7.4000000e+01   1.0881486e+01   2.0000000e+00   4.7937065e-01
   7.2000000e+01   7.4000000e+01   9.7033618e+00   2.0000000e+00   5.3757296e-01
   7.2000000e+01   7.4000000e+01   9.8421596e+00   2.0000000e+00   5.2999191e-01
   7.2000000e+01   7.4000000e+01   1.1612503e+01   2.0000000e+00   4.4919384e-01
   7.2000000e+01   7.4000000e+01   1.0661498e+01   2.0000000e+00   4.8926194e-01
   7.2000000e+01   7.4000000e+01   1.0296156e+01   2.0000000e+00   5.0662257e-01
   7.2000000e+01   7.4000000e+01   1.2291654e+01   2.0000000e+00   4.2437452e-01
